
===== A =====  frames=351  (87.8s @4fps)
 time  bandtop bandbot bandH  yellow%  framediff
  0.00      96     186    91     1.1      0.00
  0.50      97     186    90     0.0     16.68
  1.00      96     186    91     0.0     12.55
  1.50      97     186    90     0.0      9.55
  2.00      96     186    91     0.0      6.29
  2.50      96     186    91     0.0      2.05
  3.00      97     186    90    91.5     19.23
  3.50      97     186    90    91.6      0.01
  4.00      97     186    90    91.6      0.08
  4.50      97     186    90    91.4      0.04
  5.00      97     186    90    89.8      0.45
  5.50      97     186    90    89.8      0.00
  6.00      97     186    90    89.8      0.01
  6.50      97     186    90    89.8      0.00
  7.00      97     186    90    89.8      0.00
  7.50      97     186    90    83.7      5.21
  8.00      97     186    90    45.7      2.02
  8.50      97     186    90    49.9      0.11
  9.00      97     186    90    49.9      0.12
  9.50      97     186    90    53.3      1.27
 10.00      97     186    90    50.6      0.86
 10.50      97     186    90    50.6      0.19
 11.00      97     186    90    49.6      0.04
 11.50      97     186    90    48.6      0.64
 12.00      97     186    90    48.6      0.24
 12.50      97     186    90    48.6      0.05
 13.00      97     186    90    48.6      0.02
 13.50      97     186    90    48.6      0.01
 14.00      97     186    90    48.6      0.00
 14.50      97     186    90    48.6      0.01
 15.00      97     186    90    85.6      0.45
 15.50      97     186    90    85.6      0.00
 16.00      97     186    90    85.7      0.11
 16.50      97     186    90    84.6      0.03
 17.00      97     186    90    84.6      0.00
 17.50      97     186    90    82.6      0.02
 18.00      97     186    90    82.6      0.04
 18.50      97     186    90    82.4      0.01
 19.00      97     186    90    98.9      0.37
 19.50      97     186    90    98.8      0.01
 20.00      97     186    90    98.0      0.44
 20.50      97     186    90    96.9      0.10
 21.00      97     186    90    96.9      0.00
 21.50      97     186    90    96.9      0.00
 22.00      97     186    90    94.4      0.02
 22.50      97     186    90    94.4      0.00
 23.00      97     186    90    94.8      0.05
 23.50      97     186    90    94.8      0.01
 24.00      97     186    90    94.8      2.84
 24.50      97     186    90    63.2      6.73
 25.00      97     186    90    57.1      4.22
 25.50      96     186    91    51.4      3.48
 26.00      96     186    91    47.9      3.74
 26.50      97     186    90    53.3      0.94
 27.00      97     186    90    53.3      0.08
 27.50      97     186    90    51.9      0.51
 28.00      97     186    90    49.1      0.85
 28.50      97     186    90    49.1      0.06
 29.00      97     186    90    49.1      0.08
 29.50      97     186    90    48.7      0.12
 30.00      97     186    90    48.7      0.30
 30.50      97     186    90    48.7      0.03
 31.00      97     186    90    40.9      0.19
 31.50      97     186    90    40.8      0.00
 32.00      97     186    90    40.9      0.21
 32.50      97     186    90    40.8      0.30
 33.00      97     186    90    42.1      5.12
 33.50      97     186    90    46.4      6.33
 34.00      97     186    90    49.3      6.98
 34.50      97     186    90    53.9      6.82
 35.00      97     186    90    58.7      6.55
 35.50      97     186    90    61.1      6.75
 36.00      97     186    90    61.2      0.24
 36.50      97     186    90    85.9      2.59
 37.00      97     186    90    85.9      0.07
 37.50      97     186    90    85.9      0.03
 38.00      97     186    90    86.0      2.94
 38.50      97     186    90    92.7      4.34
 39.00      97     186    90    96.5      0.89
 39.50      97     186    90    93.5      1.79
 40.00      97     186    90    85.6      4.22
 40.50      97     186    90    85.7      1.23
 41.00      97     186    90    50.4      0.13
 41.50      97     186    90    50.4      0.03
 42.00      97     186    90    57.7      5.06
 42.50      97     186    90    62.7      3.98
 43.00      97     186    90    62.7      0.10
 43.50      96     186    91    61.6      3.76
 44.00      97     186    90    60.5      3.87
 44.50      97     186    90    57.4      3.44
 45.00      97     186    90    53.4      2.68
 45.50      97     186    90    50.3      1.94
 46.00      97     186    90    50.3      0.09
 46.50      97     186    90    50.3      0.01
 47.00      97     186    90     0.0     16.33
 47.50      97     186    90     0.9     13.09
 48.00      97     186    90     2.2     13.38
 48.50      97     186    90     2.6     13.31
 49.00      97     186    90     3.4     13.30
 49.50      97     186    90     4.6      9.54
 50.00      97     186    90     3.5     11.16
 50.50      97     186    90     9.2      0.56
 51.00      97     186    90     9.1      0.54
 51.50      97     186    90     9.0      0.01
 52.00      97     186    90    96.8      0.04
 52.50      97     186    90    96.8      0.03
 53.00      97     186    90    96.8      0.00
 53.50      97     186    90    96.8      0.00
 54.00      97     186    90    96.8      0.04
 54.50      97     186    90    96.7      0.00
 55.00      97     186    90    98.4      0.64
 55.50      97     186    90    98.4      0.00
 56.00      97     186    90    98.4      1.23
 56.50      97     186    90    92.4      0.84
 57.00      97     186    90    89.9      0.07
 57.50      97     186    90    89.9      0.03
 58.00      97     186    90    89.9      0.00
 58.50      97     186    90    89.9      0.00
 59.00      97     186    90    89.9      0.00
 59.50      97     186    90    86.4      0.02
 60.00      97     186    90    86.4      0.19
 60.50      97     186    90    82.4      0.49
 61.00      97     186    90    82.4      0.00
 61.50      97     186    90    82.4      0.00
 62.00      97     186    90     0.0      7.06
 62.50      97     186    90     0.0      7.22
 63.00      97     186    90     0.0      7.20
 63.50      97     186    90     0.0      7.11
 64.00      97     186    90     0.0      7.04
 64.50      97     186    90     0.0     15.25
 65.00      97     186    90     0.0      0.73
 65.50      97     186    90     0.0      0.27
 66.00      97     186    90     0.0      0.46
 66.50      97     186    90     0.0      0.16
 67.00      97     186    90     0.0      2.06
 67.50      97     186    90     0.0      3.74
 68.00      97     186    90     0.0      3.91
 68.50      97     186    90     0.0      4.24
 69.00      97     186    90     0.0      4.54
 69.50      97     186    90     0.0      4.75
 70.00      97     186    90     0.0      4.85
 70.50      97     186    90     0.0      4.77
 71.00      97     186    90     0.0      4.74
 71.50      97     186    90   100.0      0.05
 72.00      97     186    90    98.6      0.07
 72.50      97     186    90    98.6      0.00
 73.00      97     186    90    98.6      0.00
 73.50      97     186    90    98.6      0.00
 74.00      97     186    90    98.6      0.00
 74.50      97     186    90    98.6      0.00
 75.00      97     186    90    98.0      0.09
 75.50      97     186    90    91.8      0.97
 76.00      97     186    90    91.8      0.09
 76.50      97     186    90    86.2      1.94
 77.00      97     186    90    86.2      0.00
 77.50      97     186    90    86.0      0.23
 78.00      97     186    90    86.0      0.05
 78.50      97     186    90    86.0      0.00
 79.00      97     186    90    99.3      0.24
 79.50      97     186    90    98.7      0.01
 80.00      97     186    90    98.8      0.02
 80.50      97     186    90    97.9      0.01
 81.00      97     186    90    97.0      0.01
 81.50      97     186    90    97.0      0.00
 82.00      97     186    90    97.0      0.00
 82.50      97     186    90    98.9      0.15
 83.00      97     186    90    98.9      0.00
 83.50      97     186    90    98.5      0.00
 84.00      97     186    90    98.5      0.03
 84.50      97     186    90    98.5      0.01
 85.00      97     186    90    82.8      0.20
 85.50      97     186    90    82.8      0.00
 86.00      97     186    90    76.9      8.22
 86.50      97     186    90    84.2      4.13
 87.00      97     186    90    84.2      0.10
 87.50      97     186    90    84.2      0.02

===== B =====  frames=310  (77.5s @4fps)
 time  bandtop bandbot bandH  yellow%  framediff
  0.00      97     186    90     0.2      0.00
  0.50      96     186    91     0.0     16.22
  1.00      96     186    91    90.9      0.88
  1.50      97     186    90    95.1      0.15
  2.00      96     186    91    86.1      1.14
  2.50      97     186    90    90.1      0.22
  3.00      97     186    90    90.2      0.11
  3.50      97     186    90    89.1      0.40
  4.00      97     186    90    89.0      0.11
  4.50      97     186    90    89.0      0.02
  5.00      97     186    90    89.0      0.10
  5.50      97     186    90    89.0      0.00
  6.00      97     186    90    90.0      0.41
  6.50      97     186    90    90.1      0.00
  7.00      97     186    90    89.0      0.38
  7.50      97     186    90    88.0      0.01
  8.00      97     186    90    88.1      0.09
  8.50      97     186    90    88.3      0.58
  9.00      97     186    90    88.3      0.03
  9.50      97     186    90    95.1      0.56
 10.00      97     186    90    95.4      0.09
 10.50      97     186    90    95.4      0.00
 11.00      97     186    90    98.0      1.16
 11.50      97     186    90    98.0      0.01
 12.00      97     186    90    98.0      0.02
 12.50      97     186    90    98.0      0.01
 13.00      97     186    90    98.1      1.10
 13.50      97     186    90    85.5      2.33
 14.00      97     186    90   100.0      3.38
 14.50      97     186    90    96.7      1.11
 15.00      97     186    90    96.7      0.09
 15.50      97     186    90    96.7      0.01
 16.00      97     186    90    96.7      0.03
 16.50      97     186    90    95.7      0.01
 17.00      97     186    90    95.7      0.16
 17.50      97     186    90    90.7      0.02
 18.00      97     186    90    96.1      4.16
 18.50      97     186    90    96.1      0.00
 19.00      97     186    90    98.7      0.17
 19.50      97     186    90    97.8      0.10
 20.00      97     186    90    97.1      0.38
 20.50      97     186    90    97.0      0.00
 21.00      97     186    90    97.0      0.01
 21.50      97     186    90    97.0      0.00
 22.00      97     186    90    95.8      0.26
 22.50      97     186    90    95.4      0.08
 23.00      97     186    90    94.4      0.08
 23.50      97     186    90    88.0      1.44
 24.00      97     186    90    88.0      0.12
 24.50      97     186    90    50.0      9.28
 25.00      97     186    90    50.0      0.69
 25.50      97     186    90    50.0      0.01
 26.00      97     186    90    50.0      0.01
 26.50      97     186    90    50.0      0.00
 27.00      97     186    90    50.0      0.04
 27.50      97     186    90    99.7      0.09
 28.00      97     186    90    97.0      0.54
 28.50      97     186    90    97.0      0.02
 29.00      97     186    90    97.0      0.00
 29.50      97     186    90    97.0      0.00
 30.00      97     186    90    97.0      0.07
 30.50      97     186    90     0.0     10.45
 31.00      97     186    90     0.0     14.66
 31.50      97     186    90     0.0      0.33
 32.00      97     186    90     0.0      0.18
 32.50      97     186    90     0.0      0.23
 33.00      97     186    90     0.0      0.17
 33.50      97     186    90     0.0      0.02
 34.00      97     186    90     0.0      0.00
 34.50      97     186    90   100.0     30.98
 35.00      97     186    90    97.6      0.48
 35.50      97     186    90    87.7      1.96
 36.00      97     186    90    87.7      0.14
 36.50      97     186    90    87.7      0.00
 37.00      97     186    90    50.1      0.13
 37.50      97     186    90    50.1      0.02
 38.00      97     186    90    49.9      0.14
 38.50      97     186    90    49.8      0.03
 39.00      97     186    90    53.3      3.01
 39.50      97     186    90    61.1      3.89
 40.00      97     186    90    69.0      4.92
 40.50      97     186    90    74.5      5.28
 41.00      97     186    90    75.8      0.82
 41.50      97     186    90    75.8      0.01
 42.00      97     186    90    75.8      0.04
 42.50      97     186    90   100.0      0.01
 43.00      97     186    90    99.7      0.03
 43.50      97     186    90    99.0      0.01
 44.00      97     186    90    99.0      0.04
 44.50      97     186    90    96.0      0.02
 45.00      97     186    90    91.6      1.13
 45.50      97     186    90    91.5      0.63
 46.00      97     186    90    91.6      0.61
 46.50      97     186    90    91.4      0.63
 47.00      97     186    90    91.6      0.61
 47.50      97     186    90    91.2      0.66
 48.00      97     186    90    91.4      0.66
 48.50      97     186    90    88.4      1.04
 49.00      97     186    90    88.6      0.61
 49.50      97     186    90    51.2      9.19
 50.00      97     186    90    49.6      0.23
 50.50      97     186    90    45.4      0.81
 51.00      97     186    90    45.4      0.14
 51.50      97     186    90    45.4      0.02
 52.00      97     186    90    46.6      2.86
 52.50      97     186    90    46.7      0.11
 53.00      97     186    90    46.0      2.42
 53.50      97     186    90    44.2      4.51
 54.00      97     186    90    40.6      5.36
 54.50      97     186    90    36.2      6.62
 55.00      97     186    90    31.1      7.83
 55.50      97     186    90    94.8      0.76
 56.00      97     186    90    92.4      0.37
 56.50      97     186    90    92.4      0.01
 57.00      97     186    90    92.4      0.02
 57.50      97     186    90    92.4      0.00
 58.00      97     186    90    92.4      0.00
 58.50      97     186    90    92.4      0.00
 59.00      97     186    90    92.4      0.01
 59.50      97     186    90    92.2      0.01
 60.00      97     186    90    24.0      0.78
 60.50      97     186    90    24.0      0.02
 61.00      97     186    90    24.0      0.01
 61.50      97     186    90    24.0      0.00
 62.00      97     186    90    24.0      0.00
 62.50      97     186    90    24.0      0.02
 63.00      97     186    90    10.9      0.29
 63.50      97     186    90    13.2      3.98
 64.00      97     186    90    57.0      0.49
 64.50      97     186    90    56.6      0.02
 65.00      97     186    90    50.0      0.22
 65.50      97     186    90    50.2      0.28
 66.00      97     186    90    49.7      0.12
 66.50      97     186    90    49.7      0.01
 67.00      97     186    90    46.6      0.71
 67.50      97     186    90    46.6      0.02
 68.00      97     186    90    46.6      0.21
 68.50      97     186    90    99.9      7.98
 69.00      97     186    90    99.1      0.02
 69.50      97     186    90    97.4      0.03
 70.00      97     186    90    97.4      0.09
 70.50      97     186    90    97.4      0.00
 71.00      97     186    90    97.4      0.00
 71.50      97     186    90    97.2      0.05
 72.00      97     186    90    96.3      0.06
 72.50      97     186    90    96.3      0.02
 73.00      97     186    90    94.3      0.29
 73.50      97     186    90    94.3      0.01
 74.00      97     186    90    94.2      0.01
 74.50      97     186    90    94.2      0.00
 75.00      97     186    90    94.3      0.18
 75.50      97     186    90    94.3      0.59
 76.00      97     186    90    94.2      0.71
 76.50      97     186    90    94.3      0.62
 77.00      97     186    90    94.3      0.59
